Ma

corp. Index

fflwwww Nam

5885 imam

575 885

5755 885

577 7787

878 1787

578 7787

577 7788

575 aaa

578 587

577 587

578 Pe

578 888

585 5751)

587 577

588 577

585 5787)

5855 577 5755555

587 5788

555 IIII-Fu

588 5785

587 5778

588 78

588 587-778

585 58

587 Fa

588 faa

588 555

587 (177

585 (777

585 55

587 558

588 58

588 7551557878)

855 885

557 585

558 575

855 575

557 755. 7557. 87

555 558

558 ’75

858575

857 5887-558

558 587-7577

558 575

875 588

577 575

578 557

878 558-7-7788

577 758

575 777

775 775

877 557

578 va

878 5788

585 07)-587

chame spvmaa.

(75η).

75755

Μῆπην na

588 7585755558
5885 758

888 0777)

887 077

885 08

888 Fu

887 755. 7557. II)
888 Τ77

888 587

555 755. 75577
857 755. 75578
888 557

888 Fan

887 imavo

885 75575578
888 8785755558
5855 8785755558
887 755

858 (778-1-755. lect. 88
558 878-7-755. loct. 88
575 557
8755557

877 587

aa aw÷cm
878 7585

877 578-5775558
8778 CIR

8775 (578

875 image

878 7178

877 5758

am aw÷rs
55 55575
555 578-778
557 ΤΗ-775555
8575 Ta

55 55575
8585 555

8587 578

558 778-7-755.7557.77
557 588

555 588

888 587

887 587

858 08

858 585

855 7778

587 7775
5555555
5885 85

888 Mas

887 EI

555 5785575558
8555 5585

7555557557. - 7757577 (exceptis 7775 ceterisque usque ad 8855 quae littera adiecta, ea.
gr. 5, signatae 5557) 8557558755 Desideratomm fasciculo 8 [lun. 7877) glandes 7-777;
Iaso. 8 (555. 7875) 5. 778-888; Iaso. 7 (Sept. 7875) 5. 888-777) fasc. 5 (Iul. 7878)
a. 775-555 755ςί57555 expressas 57 ornatas amplo commentario. - Vbi 555755·

————--

575555
575555

8) Tab. x111 78.

8) aab. XIII 8.

7) aab. xm 7.

 

