118 (44444444 smum.

corp. Index corp. Index

ww* 44 44444444 444 4

4 444 6 443 4
4 44ο.4444.444444 7 444 4
4 444 4

Descripsi. - 4 hano 4444 4444444444 salsam esse iudicaverat.

74* [Corp.lX7³'1*] 4-444 et postea 444-444 suadente nergkio emit Ernestus nus'm 4
Weerlh 4444444444, ot maximnm quidem 4444444 Anconae 44 eiusque vicinia et 4
Camerini, glandes XXII 44 4444444344 mogontiacensi 4444444 84444. p. 44 et p, 444, cf. 4
p. 44 not. 4. - 444-444 444. p. 444 not. 4) cumis repertae dicuntum sen-abu 4

princeps de wittgonsoein; possidet nus'm Weerth.
(4444. ludex (4444. Index

WW* 4 Pau-cm WWM 4444444.44
ΩΡΜ 5³Tss

4 444

4 44444444
4 44444444
4 44

4 444

4 444

4 4444444
44 8444444444
44 4444444444
44 84444444
44 4444444444
44 4444444444
44 4484444
44 4444444444
44 444

44 444

44 444

44 444

44 848

44 444

44 444

44 4444444
44 4144

44 444

44 444

44 444

44 444

44 444

44 444

44 444

44 4444444
44 4444444
44 4444444
44 4444444
44 4444444444
44 4444444444

44
ᾖ, 444
44

43 444
44 444
44 44
46 [40
44 4444444444

44
ἒξ, 444

54

4) ef. p. 444.

4

44 443
45 Fu

'56 444

44 444

44 4444444444

44 444

64 467

44 4444444444

44 4444

44 44444444

44 4444444

64 44

44 Gn

67 G!

44 44

44 44

44 4444444444

44 4444444444

’44 444. leot. 44 4444444
44 444

’44 444

’44 8444444

44 8444444

44 444444444444

44 4444

’44 444404

444 4444444

444 4444444

ss 4444444
84}
44
44

84 04

84 4444

44 4444444434
44 Ε4

44 444

44 1444

444 88

44 4444

44 4444444

44 44444444

44 444444.444444
44 4444444444.44
44 (44

444 444

444 0414444444
444 0444444444

444404

 

