GLAIIDIIS SPVRIAE.

corp. Index corp. Index
64· 727* 058 inc. 7000. 70 4 F 00 00· m* 500 005 0- C 00 (0)

000 700. 700000-1-007
000 ino. 7000. 00
000 7001)

000 700-0-707
000 7000-808
0000 7070700000
0000 7070700008
000 808

0000 8080770000
000 000-7070707000
000 8000000700.
007 Eo

008 ’700

000 Las

070 Ga

070 000-0-700
070 700. 7000. 00
070 700. 70000
070 inc. 7000. 05
070 To

070 80

077 IIII

078 700

070 (75

080 000

080 000

080 7500770008
080 700

080 (700

0800 (700

085 70070000
0850 700. 7000. 0 -0- imag. 8
080 AI

0800 000-700000
087 078

088 007

080 LII

000 (70

000 700

000 rum

080 LII

000 000-0700000
0000000

085 (308

000 VII

007 vm]

0070 vn

0070 VI!

008 VII
⁴980V48÷imag.8
000 508

500 008

007 800

000 800

5000 8000707000
500 Im

000 Po

505 00000

500 1²27

507 7070700000
008 800

000 808

-ᾕ--ι

I> Tnh. XIII II.
VI

0) 707). XIII 7.

500 0050000
500 005

500 III

500 070

500 In

500 070

007 Tu

508 700

500 70007700ςο
500 000

0000 7750700000
007 7000

500 0050700000
500 80

0000 80-1-700030
000 (700
50000780

005 807

000 000-000
507 080-7007000000
008 700

5080 F 00 -I- imag. 0
500 7000

580 000

580 000

500 000

000 000

500 77

005 700

500 708

507 708

508 000

500 700000
500 700-0-800
000 800

500 800-1-70
500 snm-1³³⁶
500 000-0000
005 7000030008
500 00

007 Aa

508 Ρο0

500 700

550 750

000 807

550 LII

558 Im

550 000

555 70

550 70

057 70

008 70

550 5700

500 70

500 0000700.
500 VII

500 VII-image
500 700. 70000
500 70070000
500 7000

507 Ν7

508 7000700000

8) Το7). XII 00.

 

