XLIV

446. inser.

4 244
5 244
6 244
7 244
8 474
9 48

40 474

44 484444

PRAEFATIO.

tab. 444444.

44 84
42 84
43 304
44 304
45 304
46 304
47 304
48 304

44 44444, 4444 44

43 424
44 424
45 424
46 94
IV. 4 944
944
944
944
94
944
94
94
944
944
944
44
40
274
274
274
28
294
644
644
644
644
644
644
644
644
644
644

2
3
4
5
6
7
8
9
. 4
2
3
4
5
6
7
8
9
40
44
42
43
44
45

bo

644
6 u
644
644
74
74

ΦφωῇΦΦῈ-Έ-ω

2 324
324
334

2444
384

384
384
39

444

“ 404
43
42
454
404

64
62
664
664
634
634
67
634
9 684
40 684
44 684
42 684
43 684
44 69
46 544
46 544

ΙΧ. 4 64

44 64
40 64
2 66

X.

mh. nmen

3 694
4 744
6 79
6 74
7 774
8 844
9 774
40 80
44 724
42 694
4 82
864
864
804
864
864
874
95
9 874
40 88
44Ι 88
42 89
43 844
44 734
45 75
46 404
47 96
48 400

mh. umen

44 42*
40 ⁴5*

46 ⁴5*

47 47’

48 48*

49 ⁴9*
ΧΗ. 4 27*

2 9*
3 97*b

4 64“44

5 64*44
6 64’ w
7 64444
8 64444
9 64744
40 64“4η
44 64“44
42 64*44
43 64444
44 64444
40 64*44
46 64’44
47 64444
48 64*4υ4
49 644444
20 64*44
24 64“44

22 64’44

49 62* ΧΠ4.4 64344

20 20
24 44
22 6654
23 8644
24 94

XL 4 4*

2 2*

44
45

¹ *
4 w
4 8*
44 444
44 w
44 7*
Ι44 444

2 64744
3 64744
4 64*44
5 64*44
6 64*44
7 64744
8 64744
9 64344
40 64744
44 64746
42 64444
43 64*44
44 64544
40 64“44
46 64“44

ἐξ, 64*44

 

