9999999 1419999999.

Fmrd. 11 68*

80- 864
84 5 866
86 5 866
86 5 86648
88 5 8660
86 5 868
86 5 86848
875865
86 5 866
895 867
50 5 866
54 5 869
66 5 870
69 5 874
685876
565 879
665 878
67 5 876
66 5 876
59 5 877
60 5 876
685 ··879
665860
66 5 864
685 866
665866
665 868
67 5 866
66 5 86648
69 5 886

8999998. 11 6⁴* Fmrd. 11 644

999-999 999-999
999-999 999-999
999-999 999-999
ι 999-ι999 999-999
4 99999999 999-999
⁴ 999-999 999-999
999- 999 999-999
4 999-999 999-9999
999-,99999 999ε999
¹ usam 999-999
99959999 999-999
999-999 999-999
999ε999 999-999
4895567 8865680
99999999 999-999
999 - 9999 99995999
4 999ε999 999-999
9995999 999-999
999-- 999 999-999
466 5 686 894 5 696
999ε999 m= 999
999 = 999 999 - 999
¹ 999-999 9993999
4 999ε999 999-999
i 999-999 999ι-999
4 999ε999 999-999
9998999 999-999
999-999 99999999
995999 999-999
999 = 999 999 - 999
99.-. 9999 999ι999 999-999
99·- -999 99999999 999-9999
99.-- 999 ι 999ς999 995999
99-.- 999 999ι999 999-999
99.-- 999 999ε999 999-999
995999 99999999 999ε999
995999
995999
765898
795 99499
605896
645896
sz= 999
995 9999
995 -9999
99-- 999
s⁶= 9999
675899

4865 689 606 5 684
488 5 564 609 a 646
888 = 650 6405 648
4855666 6445688
4865666 646 5 645
4875 568 6865646
4885665 6485648
4895 566 646 == 687
469 5 667 646 5 649
464 5658 687 a 660
8565 659 648 5 664
458 5 560 649 5 066
868 5 664 660 5 6660
856 5 668 664 5 668

96 5 600
695 604
90 5 506
945 50644
96 5 506
955 508
98 5 605
965 506
965 607
975 506
96 5 509

466 5 669 666 a 668
8675 668 668 5 666
866 5 666 668 5666
459 5 666 6655 667
460 5667 666 5 666
464 5 566 6675 669
466 5 56944 6665 680
866 5 569 6695 -684
468 5 670 680 5 686
99 5 640
4005 684
4045 ··646
4065646
406 5 648
408 5 546

466 = 6706 684 ···: 608
4665 574 8865 688
4675676 6835 686
468 = 578 688 = 686
4695 ··678 6865 6869
4705 575 6865 688
4745576 6875 687

 

