corp. ludex
48444· 4 444
48 8 88
44 448

48 4444844

43 Μ454857

44 4444444444

45 4454844

Μ [844854

Π 8444857

GLANDES SPvaE.

48 incertae lectionis 84

48 ,448
80 888
84 888
88 4448488444

84 inc. lect. 44 4 Τ4

84 inc. lect. 44

84 848 4844 (utrumque bis

excusum)
84 848
84 848
88 844
84 8444444884
44 4444444
44 4444444
48 844
48 8 48
44 844
44 844
44 844
44 844
48 44484844
48 84408
44 844844
44 844844

44 444-44
44 4444444
44 44444444
44 4444404
44 4444444
44 4444444
44 44

44 444

Μ Μῆ4ωηη

44 444
44 444
44 444444
44 4444444

48 M 8 4 8 48 (bis utrumque)

44 8841) 4 imag. 4

44 444

44 4444444
44 444444
44 4444444

88 4484444 (autumn)

84 444 4 num. 48

84 444 (4) 4 num.9

45 (1444444444.44
48 mnino.

87 4444444444. 44
88 4448

84 8484844

Su

44 444). 4444 4.
4) 4444. x11 8.

48 88 408 (bis utrumque)

8) 4444. x11 4.

4440444· 44 444 4 444

4) 444). 4444 8.

Index

74 4448

78 444

48 848

44 448

44 vestine.

48 44444
44 844408
48 0844444444
44 08

44 04444
84 8484848
88 08484444)
44 4444444
44 8444444444
88 8484448
88 88

84 8444444444
88 84

84 8844444444
84 w)

44 484844
88 4484844
84 Le

84 4844444444
84 484844
84 4844484
44 88

48 4844444444
88 8844444448
444 4444444
444 4484

448 848408
444 444404
484 L 58

445 8844484848)
444 4484444
444 448444444448
448 4484444444.44
488 Th

444 444844
444 E 8

448 8484444448
444 444-444
444 845

445 888

444 888

447 84

448 444

448 P 88

480 848

484 844

488 848

484 44444444.
484 888

484 844

488 888

484 8884444444
484 888(844444443.4
488 ,484

444 Ga

484 sm

4) 844). ΧΙΙ 4.

 

