110 44444444 4444444.

corp ndu corp. ndu

9444444444 4444444 9444449444 gammam&
494 4444.4444.44-1-497 499 944-9444444494 ,
495 44444444. 44 494 imag.⁴÷imng.7¹)
499 4444444444 498 vestine.

497 499 499 4499

444 449 444 444-44444
499 994-444444.4-4-4444.4994.9 944 999

444 444 444 444-4444444444
444 449 999 454

449 444 994 479

444 944 444 4444-4-44
444 9949)-1-44444444 999 444-4-48
449 4445 997 494-44444449
444 4444 444 4444444444
444 4444 444 4444444
448 999 949 498

449 4494444499 944 494

444 4444949 444 4444484444
444 4449 949 494

499 4449 944 88

499 4744444449 949 4449

454 Τ48 949 457

499 47 947 489

499 Τ48 948 489

497 CH 949 459

498 47-4-4449.4994.44 999 449

444 4444-444 444 4494

444 44444) 444 444

444 44 444 444-44444 imm
499 944-44444494) 994 445-4-449
499 Fau-Aua 999 444-4-4994.4449.
444 944 444 4444)

499 455 997 444

499 447 998 444

497 849 999 444

498 444-4444 999 944

499 Α4-Ι-Τ4 994 444-4-494
479 Ab 989 Aa*

474 999 999 444

449 4474444449 994 44

449 44444444, 995 49444444.

444 444 444 4944444444
444 4, 99 994 44444494)

479 499 998 449

477 498 999 449

444 444 444 [444-494
479 497 944 4)9

499 444-44444444 949 449

484 444 949 449

489 444 944 ,444-4444439
489 4449 949 44

484 459 949 949

489 449 947 548

489 499 948 499

484 444 949 999

488 458 949 499

499 494 994 899

499 numu 999 4444444444
494 499 999 4444444444-4-99
499 44 944-444449 944 inc.lect.⁴⁴⁸)÷imag.¹
499 899 959 4444444444

--.-..--..

4) Tamna. 9)Τε44.Χ4447.49. ,94944441449 4) Τ444.444444.
947944444444. 947944444447. 7)Τ99.Χ4444. 8) Taunus.

 

